0,1,996.00,454.00,117.00,65.00,0.85,-1,-1,-1
0,2,274.00,310.00,108.00,62.00,0.83,-1,-1,-1
0,3,660.00,0.00,75.00,62.00,0.85,-1,-1,-1
1,1,1003.37,472.22,117.02,65.00,0.86,-1,-1,-1
1,2,272.84,310.87,109.46,62.87,0.83,-1,-1,-1
1,3,660.80,3.47,76.01,62.87,0.85,-1,-1,-1
2,1,1011.30,490.94,118.49,65.78,0.85,-1,-1,-1
2,2,272.27,311.79,109.67,63.02,0.84,-1,-1,-1
2,3,661.34,8.72,76.15,63.02,0.87,-1,-1,-1
3,1,1020.83,513.19,119.04,66.02,0.85,-1,-1,-1
3,2,272.40,313.59,108.37,62.29,0.84,-1,-1,-1
3,3,661.91,14.89,76.11,63.05,0.87,-1,-1,-1
4,1,1031.65,536.71,119.38,66.09,0.83,-1,-1,-1
4,2,272.09,314.88,107.94,62.04,0.84,-1,-1,-1
4,3,662.38,21.14,76.94,63.78,0.85,-1,-1,-1
5,1,1041.06,560.32,120.88,66.80,0.84,-1,-1,-1
5,2,272.00,315.98,107.82,61.97,0.84,-1,-1,-1
5,3,662.47,26.61,78.02,64.73,0.85,-1,-1,-1
6,1,1051.52,585.18,121.66,67.04,0.86,-1,-1,-1
6,2,271.65,317.01,107.73,61.95,0.84,-1,-1,-1
6,3,663.59,33.18,77.56,64.36,0.87,-1,-1,-1
7,1,1062.98,611.13,122.26,67.12,0.85,-1,-1,-1
7,2,271.18,318.02,107.75,61.95,0.83,-1,-1,-1
7,3,665.05,39.46,77.30,64.20,0.85,-1,-1,-1
8,1,1082.25,657.08,124.15,67.81,0.84,-1,-1,-1
8,2,269.80,319.70,108.83,62.63,0.83,-1,-1,-1
8,3,666.56,51.04,77.21,64.13,0.87,-1,-1,-1
9,1,1097.73,692.63,125.44,68.05,0.83,-1,-1,-1
9,2,269.34,320.95,109.17,62.89,0.83,-1,-1,-1
9,3,667.11,59.12,77.81,64.77,0.87,-1,-1,-1
10,2,268.55,322.04,109.23,62.98,0.85,-1,-1,-1
10,3,668.94,67.21,77.37,64.34,0.86,-1,-1,-1
11,2,268.31,323.06,109.18,63.02,0.86,-1,-1,-1
11,3,669.89,74.65,77.95,64.83,0.89,-1,-1,-1
11,4,1252.33,232.40,72.14,62.00,0.84,-1,-1,-1
12,2,267.89,324.73,109.19,63.02,0.85,-1,-1,-1
12,3,671.89,87.80,77.46,64.34,0.89,-1,-1,-1
13,2,267.10,325.98,109.18,63.03,0.85,-1,-1,-1
13,3,672.84,97.13,78.79,65.48,0.87,-1,-1,-1
13,5,1204.20,185.00,98.99,62.00,0.84,-1,-1,-1
13,6,818.04,3.20,76.92,63.60,0.83,-1,-1,-1
14,2,266.82,327.06,109.16,63.02,0.84,-1,-1,-1
14,3,673.84,105.64,79.26,65.90,0.87,-1,-1,-1
14,5,1191.94,171.90,97.77,61.23,0.80,-1,-1,-1
14,6,820.62,9.16,76.34,63.14,0.84,-1,-1,-1
15,2,266.45,328.08,109.06,63.02,0.83,-1,-1,-1
15,3,675.47,114.50,78.81,65.39,0.87,-1,-1,-1
15,5,1178.07,156.56,97.35,60.97,0.75,-1,-1,-1
15,6,823.40,15.87,77.03,63.76,0.82,-1,-1,-1
16,2,266.48,329.75,108.06,62.36,0.83,-1,-1,-1
16,3,678.28,129.46,78.80,65.19,0.88,-1,-1,-1
16,5,1155.76,132.64,97.13,60.91,0.72,-1,-1,-1
16,6,827.95,27.49,77.19,63.97,0.83,-1,-1,-1
17,2,266.18,330.99,107.67,62.10,0.83,-1,-1,-1
17,3,679.20,140.07,80.30,66.43,0.88,-1,-1,-1
17,5,1141.27,116.68,95.85,60.19,0.43,-1,-1,-1
17,6,831.90,35.44,77.21,64.03,0.85,-1,-1,-1
18,2,265.69,332.07,107.65,62.01,0.84,-1,-1,-1
18,3,680.82,149.68,80.86,66.89,0.87,-1,-1,-1
18,5,1129.95,103.45,95.34,59.95,0.62,-1,-1,-1
18,6,834.88,42.08,77.95,64.75,0.86,-1,-1,-1
19,2,265.49,333.10,107.72,61.98,0.84,-1,-1,-1
19,3,682.32,159.57,81.15,67.06,0.88,-1,-1,-1
19,5,1119.05,91.83,94.98,59.88,0.74,-1,-1,-1
19,6,838.23,48.96,78.18,65.00,0.83,-1,-1,-1
20,2,264.24,334.10,108.81,62.63,0.84,-1,-1,-1
20,3,684.80,176.15,81.30,67.11,0.87,-1,-1,-1
20,5,1102.83,73.20,94.57,59.87,0.69,-1,-1,-1
20,6,843.80,61.38,77.46,64.40,0.84,-1,-1,-1
21,2,263.79,335.09,109.20,62.88,0.84,-1,-1,-1
21,3,686.23,189.33,81.58,67.12,0.88,-1,-1,-1
21,5,1091.12,60.23,94.25,59.88,0.52,-1,-1,-1
21,6,848.05,71.06,77.25,64.16,0.86,-1,-1,-1
22,2,263.65,336.08,109.32,62.97,0.84,-1,-1,-1
22,3,687.96,200.53,81.81,67.11,0.89,-1,-1,-1
22,5,1081.49,49.34,93.80,59.90,0.51,-1,-1,-1
22,6,851.41,78.34,78.00,64.75,0.86,-1,-1,-1
23,2,263.63,336.41,109.35,63.01,0.84,-1,-1,-1
23,3,689.47,211.64,82.71,67.76,0.89,-1,-1,-1
23,5,1073.03,39.86,92.43,59.24,0.48,-1,-1,-1
23,6,855.24,86.75,77.52,64.29,0.85,-1,-1,-1
24,2,263.36,337.82,109.24,63.02,0.83,-1,-1,-1
24,3,692.22,230.58,83.19,68.00,0.88,-1,-1,-1
24,5,1059.48,24.84,91.66,59.00,0.80,-1,-1,-1
24,6,861.12,100.25,78.17,64.78,0.87,-1,-1,-1
25,2,262.93,338.97,109.22,63.02,0.82,-1,-1,-1
25,3,694.41,245.28,84.24,68.74,0.87,-1,-1,-1
25,5,1050.09,13.79,91.07,58.92,0.82,-1,-1,-1
25,6,865.47,110.30,79.13,65.63,0.86,-1,-1,-1
26,2,262.79,339.36,109.21,63.02,0.83,-1,-1,-1
26,3,696.45,258.98,84.71,69.01,0.89,-1,-1,-1
26,5,1041.87,4.87,90.60,58.90,0.81,-1,-1,-1
26,6,869.25,119.04,79.55,65.94,0.86,-1,-1,-1
27,2,262.09,340.13,109.19,63.02,0.84,-1,-1,-1
27,3,698.35,272.29,85.13,69.10,0.87,-1,-1,-1
27,5,1035.64,-2.60,89.04,58.24,0.78,-1,-1,-1
27,6,872.81,127.95,80.41,66.71,0.85,-1,-1,-1
28,2,261.47,341.70,109.26,63.02,0.86,-1,-1,-1
28,3,701.20,294.66,86.14,69.79,0.87,-1,-1,-1
28,6,879.59,143.51,80.77,67.00,0.87,-1,-1,-1
29,2,261.23,342.25,109.33,63.01,0.86,-1,-1,-1
29,3,703.77,312.54,86.69,70.03,0.89,-1,-1,-1
29,6,884.64,155.66,80.91,67.09,0.86,-1,-1,-1
30,2,261.63,343.09,108.41,62.35,0.86,-1,-1,-1
30,3,706.20,328.71,87.11,70.12,0.87,-1,-1,-1
30,6,889.69,166.50,80.96,67.12,0.86,-1,-1,-1
31,2,261.24,343.36,109.17,62.76,0.85,-1,-1,-1
31,3,708.22,344.20,88.22,70.80,0.87,-1,-1,-1
31,6,893.98,176.82,81.16,67.12,0.86,-1,-1,-1
32,2,260.44,344.09,109.48,62.92,0.85,-1,-1,-1
32,3,711.39,371.23,89.56,71.70,0.87,-1,-1,-1
32,6,901.26,194.20,82.11,67.77,0.87,-1,-1,-1
33,2,260.13,344.99,109.62,62.98,0.86,-1,-1,-1
33,3,714.72,392.79,90.26,72.03,0.87,-1,-1,-1
33,6,907.44,208.29,81.86,67.35,0.87,-1,-1,-1
34,2,260.02,345.30,109.69,63.00,0.86,-1,-1,-1
34,3,717.14,412.25,90.67,72.14,0.88,-1,-1,-1
34,6,912.49,220.48,82.58,67.84,0.88,-1,-1,-1
35,2,259.32,346.04,109.73,63.01,0.85,-1,-1,-1
35,3,719.78,431.54,91.13,72.17,0.87,-1,-1,-1
35,6,917.76,231.92,83.01,68.02,0.86,-1,-1,-1
36,2,259.07,346.95,109.76,63.01,0.84,-1,-1,-1
36,3,723.72,464.55,93.13,73.48,0.87,-1,-1,-1
36,6,927.04,252.95,83.36,68.08,0.88,-1,-1,-1
37,2,259.47,347.92,108.80,62.35,0.83,-1,-1,-1
37,3,727.28,490.86,94.14,73.97,0.89,-1,-1,-1
37,6,933.88,269.06,83.73,68.09,0.86,-1,-1,-1
38,2,258.42,348.26,109.53,62.76,0.83,-1,-1,-1
38,3,730.69,515.30,94.82,74.14,0.89,-1,-1,-1
38,6,940.12,283.92,84.05,68.09,0.87,-1,-1,-1
39,2,258.04,348.35,109.81,62.92,0.83,-1,-1,-1
39,3,733.64,539.65,95.49,74.19,0.89,-1,-1,-1
39,6,946.42,298.29,84.42,68.08,0.87,-1,-1,-1
40,2,257.42,349.02,110.90,63.64,0.83,-1,-1,-1
40,3,738.64,582.34,96.95,74.85,0.88,-1,-1,-1
40,6,956.65,322.36,86.26,69.40,0.87,-1,-1,-1
41,2,257.35,349.91,110.34,63.25,0.83,-1,-1,-1
41,3,742.54,615.50,98.54,75.74,0.88,-1,-1,-1
41,6,964.82,341.48,86.45,69.23,0.87,-1,-1,-1
42,2,257.31,350.21,110.18,63.10,0.83,-1,-1,-1
42,3,745.66,646.30,99.55,76.07,0.87,-1,-1,-1
42,6,972.12,358.75,87.52,69.81,0.85,-1,-1,-1
43,2,257.28,350.96,110.17,63.04,0.84,-1,-1,-1
43,3,748.75,676.85,101.77,77.48,0.88,-1,-1,-1
43,6,978.81,375.26,88.79,70.68,0.84,-1,-1,-1
44,2,256.60,351.88,110.22,63.02,0.85,-1,-1,-1
44,6,991.74,403.94,89.65,71.00,0.85,-1,-1,-1
45,2,256.32,352.20,110.28,63.01,0.85,-1,-1,-1
45,6,1000.84,426.78,91.62,72.42,0.88,-1,-1,-1
46,2,255.72,352.29,111.34,63.67,0.84,-1,-1,-1
46,6,1009.79,447.95,92.64,72.95,0.88,-1,-1,-1
47,2,255.15,352.31,111.77,63.91,0.84,-1,-1,-1
47,6,1019.37,469.16,92.57,72.48,0.87,-1,-1,-1
48,2,255.16,353.61,110.86,63.34,0.84,-1,-1,-1
48,6,1034.66,504.86,94.33,73.60,0.87,-1,-1,-1
49,2,255.15,354.08,110.55,63.12,0.84,-1,-1,-1
49,6,1046.52,533.43,95.35,74.01,0.87,-1,-1,-1
49,8,1232.98,48.00,89.04,63.00,0.74,-1,-1,-1
50,2,255.15,354.23,110.46,63.04,0.84,-1,-1,-1
50,6,1058.17,559.99,95.26,73.50,0.88,-1,-1,-1
50,8,1221.38,34.13,89.12,63.00,0.80,-1,-1,-1
51,2,254.36,354.27,111.37,63.67,0.84,-1,-1,-1
51,6,1068.91,585.76,97.04,74.60,0.86,-1,-1,-1
51,8,1208.15,18.59,89.17,63.00,0.79,-1,-1,-1
52,2,253.75,354.92,111.69,63.91,0.84,-1,-1,-1
52,6,1087.73,630.13,99.63,76.31,0.86,-1,-1,-1
53,2,254.05,355.81,110.78,63.34,0.84,-1,-1,-1
53,6,1103.23,665.86,100.89,76.95,0.87,-1,-1,-1
54,2,254.15,356.12,110.47,63.12,0.84,-1,-1,-1
55,2,253.80,356.22,110.49,63.03,0.83,-1,-1,-1
56,2,253.35,356.90,110.49,63.00,0.82,-1,-1,-1
57,2,253.18,357.80,110.52,62.99,0.82,-1,-1,-1
58,2,252.73,358.12,110.66,62.99,0.82,-1,-1,-1
59,2,252.04,358.22,111.78,63.65,0.83,-1,-1,-1
60,2,252.01,358.89,111.09,63.24,0.83,-1,-1,-1
61,2,252.00,359.79,110.85,63.08,0.84,-1,-1,-1
62,2,252.00,360.11,110.77,63.02,0.84,-1,-1,-1
63,2,251.34,360.21,110.76,63.00,0.85,-1,-1,-1
64,2,250.60,360.89,111.76,63.65,0.86,-1,-1,-1
65,2,250.37,361.13,112.06,63.90,0.86,-1,-1,-1
66,2,250.82,361.86,111.12,63.33,0.85,-1,-1,-1
67,2,250.99,362.12,110.78,63.11,0.85,-1,-1,-1
68,2,250.67,362.86,110.77,63.03,0.85,-1,-1,-1
69,2,250.24,363.12,110.74,63.00,0.85,-1,-1,-1
70,2,249.70,363.86,110.85,62.99,0.86,-1,-1,-1
71,2,249.19,364.12,110.85,62.99,0.86,-1,-1,-1
72,2,249.01,364.86,110.87,62.99,0.86,-1,-1,-1
73,2,248.94,365.13,110.88,62.99,0.86,-1,-1,-1
74,2,248.93,365.20,110.89,62.99,0.85,-1,-1,-1
75,2,248.93,365.88,110.90,62.99,0.85,-1,-1,-1
75,9,825.36,2.40,90.67,58.40,0.82,-1,-1,-1
76,2,247.77,366.11,111.91,63.65,0.84,-1,-1,-1
76,9,830.04,12.74,90.14,58.10,0.85,-1,-1,-1
77,2,247.89,366.85,111.21,63.24,0.83,-1,-1,-1
77,9,832.66,20.97,91.05,58.77,0.85,-1,-1,-1
78,2,247.93,367.11,110.95,63.09,0.83,-1,-1,-1
78,9,835.66,28.49,91.22,58.98,0.88,-1,-1,-1
79,2,247.46,367.19,111.86,63.69,0.83,-1,-1,-1
79,9,838.38,35.71,91.18,59.05,0.84,-1,-1,-1
80,2,247.82,367.86,111.14,63.25,0.83,-1,-1,-1
80,9,842.59,47.03,92.09,59.76,0.83,-1,-1,-1
81,2,247.58,368.76,110.97,63.09,0.83,-1,-1,-1
81,9,846.91,56.26,91.36,59.32,0.57,-1,-1,-1
82,2,247.47,369.08,110.97,63.02,0.84,-1,-1,-1
82,9,849.94,64.05,91.99,59.83,0.83,-1,-1,-1
83,2,247.40,369.19,111.03,63.00,0.84,-1,-1,-1
83,9,853.76,71.97,91.25,59.34,0.85,-1,-1,-1
84,2,247.08,369.87,111.02,62.99,0.84,-1,-1,-1
84,9,858.92,85.34,91.97,59.82,0.83,-1,-1,-1
85,2,246.46,370.11,112.01,63.65,0.84,-1,-1,-1
85,9,862.72,95.33,92.21,59.99,0.84,-1,-1,-1
86,2,246.77,370.84,111.30,63.24,0.85,-1,-1,-1
86,9,866.30,104.71,92.37,60.05,0.87,-1,-1,-1
87,2,246.52,371.10,111.13,63.08,0.85,-1,-1,-1
87,9,870.14,113.86,92.45,60.06,0.85,-1,-1,-1
88,2,246.78,371.85,111.02,63.02,0.85,-1,-1,-1
88,9,875.55,128.90,93.56,60.73,0.86,-1,-1,-1
89,2,246.51,372.11,111.08,63.00,0.84,-1,-1,-1
89,9,880.06,140.82,94.03,60.97,0.85,-1,-1,-1
90,2,246.39,372.85,111.16,62.99,0.84,-1,-1,-1
90,9,884.68,151.57,93.36,60.40,0.87,-1,-1,-1
91,2,245.54,373.11,112.14,63.65,0.84,-1,-1,-1
91,9,888.33,161.85,94.28,60.83,0.87,-1,-1,-1
92,2,245.77,373.85,111.42,63.24,0.85,-1,-1,-1
92,9,895.28,178.56,95.72,61.65,0.85,-1,-1,-1
93,2,245.37,374.12,112.14,63.75,0.84,-1,-1,-1
93,9,900.63,191.74,96.44,61.96,0.86,-1,-1,-1
94,2,245.39,374.86,111.42,63.28,0.85,-1,-1,-1
94,9,905.79,204.24,96.05,61.41,0.85,-1,-1,-1
95,2,245.75,375.12,111.11,63.09,0.84,-1,-1,-1
95,9,910.30,215.81,97.02,61.85,0.84,-1,-1,-1
96,2,244.73,375.86,111.99,63.69,0.83,-1,-1,-1
96,9,918.54,235.58,97.81,62.01,0.85,-1,-1,-1
96,10,378.99,0.00,86.41,56.60,0.82,-1,-1,-1
97,2,244.89,376.78,111.25,63.25,0.83,-1,-1,-1
97,9,924.65,251.21,98.38,62.06,0.85,-1,-1,-1
97,10,377.70,0.00,87.94,57.67,0.83,-1,-1,-1
98,2,244.96,377.11,110.97,63.08,0.83,-1,-1,-1
98,9,930.22,265.23,98.94,62.08,0.87,-1,-1,-1
98,10,376.35,0.00,89.50,58.80,0.85,-1,-1,-1
99,2,244.49,377.21,111.87,63.68,0.84,-1,-1,-1
99,9,935.41,278.64,100.51,62.74,0.85,-1,-1,-1
99,10,375.68,0.74,89.76,59.14,0.84,-1,-1,-1
100,2,243.98,377.89,112.23,63.91,0.84,-1,-1,-1
100,9,944.55,302.31,101.47,62.98,0.85,-1,-1,-1
100,10,375.74,2.42,88.60,58.50,0.81,-1,-1,-1
101,2,243.80,378.79,112.34,63.99,0.84,-1,-1,-1
101,9,951.91,320.70,102.22,63.06,0.86,-1,-1,-1
101,10,375.88,3.70,88.01,58.24,0.82,-1,-1,-1
102,2,243.76,379.11,112.35,64.02,0.85,-1,-1,-1
102,9,959.21,337.02,102.91,63.09,0.83,-1,-1,-1
102,10,375.33,4.82,87.64,58.14,0.82,-1,-1,-1
103,2,244.25,379.87,111.35,63.37,0.86,-1,-1,-1
103,9,964.99,353.20,104.61,63.75,0.85,-1,-1,-1
103,10,375.23,5.87,87.35,58.09,0.81,-1,-1,-1
104,2,244.13,380.80,110.94,63.12,0.86,-1,-1,-1
104,9,976.54,381.13,105.77,63.99,0.84,-1,-1,-1
104,10,374.16,6.90,88.01,58.75,0.78,-1,-1,-1
105,2,244.08,381.13,110.80,63.03,0.85,-1,-1,-1
105,9,985.40,403.04,106.68,64.08,0.83,-1,-1,-1
105,10,374.33,8.59,87.14,58.31,0.83,-1,-1,-1
106,2,244.06,381.90,110.77,62.99,0.85,-1,-1,-1
106,9,993.00,422.58,108.55,64.76,0.83,-1,-1,-1
106,10,373.67,9.18,87.65,58.81,0.88,-1,-1,-1
107,2,243.55,382.16,111.77,63.64,0.84,-1,-1,-1
107,9,1000.97,442.52,109.74,65.01,0.84,-1,-1,-1
107,10,373.51,10.03,87.68,58.99,0.88,-1,-1,-1
108,2,243.52,382.90,111.17,63.23,0.85,-1,-1,-1
108,9,1015.08,476.40,111.80,65.75,0.84,-1,-1,-1
108,10,373.31,11.65,86.68,58.39,0.81,-1,-1,-1
109,2,242.98,383.16,112.01,63.73,0.86,-1,-1,-1
109,9,1025.76,503.06,113.19,66.02,0.85,-1,-1,-1
109,10,372.85,12.21,87.11,58.82,0.82,-1,-1,-1
110,2,243.01,383.89,111.21,63.26,0.85,-1,-1,-1
110,9,1035.28,526.94,115.34,66.77,0.84,-1,-1,-1
110,10,372.47,13.05,87.05,58.98,0.82,-1,-1,-1
111,2,242.53,384.15,111.91,63.75,0.85,-1,-1,-1
111,9,1044.92,551.04,116.60,67.04,0.85,-1,-1,-1
111,10,372.06,14.00,86.95,59.03,0.83,-1,-1,-1
112,2,242.88,384.89,111.11,63.27,0.85,-1,-1,-1
112,9,1062.77,592.93,118.92,67.79,0.85,-1,-1,-1
112,10,371.97,14.98,86.80,59.05,0.83,-1,-1,-1
113,2,242.52,385.15,111.82,63.75,0.84,-1,-1,-1
113,9,1076.74,626.44,120.51,68.06,0.85,-1,-1,-1
113,10,372.00,15.97,86.65,59.05,0.82,-1,-1,-1
114,2,242.42,385.23,112.01,63.93,0.83,-1,-1,-1
114,9,1089.84,657.39,121.87,68.15,0.85,-1,-1,-1
114,10,372.49,16.97,85.66,58.39,0.82,-1,-1,-1
115,2,242.92,385.90,111.03,63.33,0.83,-1,-1,-1
115,9,1102.08,687.98,124.18,68.83,0.84,-1,-1,-1
115,10,371.61,17.31,86.12,58.80,0.83,-1,-1,-1
116,2,242.60,386.13,111.68,63.77,0.82,-1,-1,-1
116,10,370.92,18.07,87.05,59.61,0.33,-1,-1,-1
117,2,242.63,386.86,110.97,63.27,0.82,-1,-1,-1
118,2,242.49,387.12,111.68,63.75,0.83,-1,-1,-1
119,2,242.09,387.86,111.98,63.92,0.83,-1,-1,-1
119,10,371.29,20.97,85.24,58.27,0.77,-1,-1,-1
120,2,242.33,388.12,111.99,63.99,0.83,-1,-1,-1
120,10,371.08,21.98,84.91,58.04,0.82,-1,-1,-1
121,2,242.57,388.86,111.04,63.35,0.84,-1,-1,-1
121,10,370.59,22.31,85.64,58.63,0.82,-1,-1,-1
122,2,242.62,389.12,110.77,63.11,0.83,-1,-1,-1
122,10,370.46,23.07,85.84,58.85,0.81,-1,-1,-1
122,11,771.20,4.80,83.01,59.00,0.85,-1,-1,-1
123,2,241.82,389.20,111.65,63.68,0.84,-1,-1,-1
123,10,370.16,23.32,85.76,58.94,0.79,-1,-1,-1
123,11,773.86,10.35,81.99,58.23,0.82,-1,-1,-1
124,2,242.33,389.87,111.02,63.24,0.84,-1,-1,-1
124,10,369.73,24.04,85.72,58.97,0.77,-1,-1,-1
124,11,777.32,21.60,82.79,58.76,0.86,-1,-1,-1
125,2,241.99,390.11,111.85,63.73,0.84,-1,-1,-1
125,10,370.01,24.95,84.85,58.32,0.72,-1,-1,-1
125,11,779.78,29.40,83.11,58.94,0.84,-1,-1,-1
126,2,241.60,390.18,112.05,63.92,0.85,-1,-1,-1
126,10,369.70,25.25,85.38,58.74,0.74,-1,-1,-1
126,11,781.51,35.99,83.32,59.00,0.84,-1,-1,-1
127,2,242.26,390.86,111.16,63.33,0.83,-1,-1,-1
127,10,369.61,25.34,85.54,58.90,0.76,-1,-1,-1
127,11,784.52,42.87,82.57,58.31,0.85,-1,-1,-1
128,2,241.69,391.09,111.80,63.76,0.84,-1,-1,-1
128,10,369.61,26.01,85.56,58.96,0.76,-1,-1,-1
128,11,788.06,53.33,83.41,58.76,0.84,-1,-1,-1
129,2,241.80,391.17,112.07,63.93,0.84,-1,-1,-1
129,10,369.63,26.23,85.53,58.99,0.73,-1,-1,-1
129,11,790.83,61.57,83.91,58.92,0.85,-1,-1,-1
130,2,242.35,391.84,111.17,63.33,0.84,-1,-1,-1
130,10,369.69,26.95,84.77,58.33,0.73,-1,-1,-1
130,11,793.31,69.02,84.34,58.98,0.83,-1,-1,-1
131,2,242.52,392.08,110.90,63.10,0.84,-1,-1,-1
131,10,369.26,27.20,85.41,58.75,0.74,-1,-1,-1
131,11,795.72,76.16,84.64,59.01,0.86,-1,-1,-1
132,2,242.54,392.16,110.88,63.02,0.84,-1,-1,-1
132,10,369.48,27.27,85.56,58.91,0.74,-1,-1,-1
132,11,799.71,88.55,85.06,59.01,0.85,-1,-1,-1
133,2,242.02,392.17,111.93,63.65,0.84,-1,-1,-1
133,10,369.21,27.27,85.68,58.97,0.74,-1,-1,-1
133,11,802.84,97.55,86.38,59.68,0.85,-1,-1,-1
134,2,241.84,392.16,112.30,63.89,0.84,-1,-1,-1
134,10,368.72,27.92,85.83,58.99,0.75,-1,-1,-1
134,11,805.12,105.91,87.08,59.93,0.85,-1,-1,-1
135,2,241.79,392.15,112.41,63.98,0.85,-1,-1,-1
135,10,368.51,28.14,85.96,59.00,0.75,-1,-1,-1
135,11,807.76,114.04,87.54,60.02,0.86,-1,-1,-1
136,2,241.78,392.13,112.42,64.01,0.85,-1,-1,-1
136,10,368.03,28.21,86.16,59.00,0.78,-1,-1,-1
136,11,812.44,128.04,88.05,60.05,0.85,-1,-1,-1
137,2,241.79,392.12,112.40,64.02,0.84,-1,-1,-1
137,10,367.81,28.21,86.33,59.00,0.78,-1,-1,-1
137,11,815.53,138.30,89.35,60.72,0.85,-1,-1,-1
138,2,242.31,392.77,111.38,63.36,0.84,-1,-1,-1
138,10,367.68,28.20,86.49,59.00,0.80,-1,-1,-1
138,11,819.18,148.43,89.25,60.30,0.86,-1,-1,-1
139,2,242.47,393.00,111.06,63.11,0.84,-1,-1,-1
139,10,367.60,28.18,86.64,59.00,0.80,-1,-1,-1
139,11,821.86,157.86,90.32,60.80,0.84,-1,-1,-1
140,2,242.87,393.08,110.91,63.02,0.84,-1,-1,-1
140,10,367.54,28.16,86.77,59.00,0.80,-1,-1,-1
140,11,827.56,174.26,90.99,60.98,0.84,-1,-1,-1
141,2,243.02,393.10,110.86,62.99,0.84,-1,-1,-1
141,10,367.77,28.14,86.98,59.00,0.80,-1,-1,-1
141,11,831.76,186.72,91.55,61.05,0.85,-1,-1,-1
142,2,243.07,393.10,110.86,62.98,0.84,-1,-1,-1
142,10,368.56,28.13,86.98,59.00,0.79,-1,-1,-1
142,11,835.35,197.65,92.08,61.07,0.85,-1,-1,-1
143,2,243.08,393.09,110.86,62.97,0.84,-1,-1,-1
143,10,368.20,28.11,86.98,59.00,0.78,-1,-1,-1
143,11,839.36,208.65,92.65,61.07,0.87,-1,-1,-1
144,2,243.36,393.09,110.97,62.98,0.85,-1,-1,-1
144,10,369.10,28.10,86.89,59.00,0.79,-1,-1,-1
144,11,845.07,226.94,94.10,61.72,0.85,-1,-1,-1
145,2,243.44,393.08,111.07,62.98,0.85,-1,-1,-1
145,10,369.47,28.09,86.80,59.00,0.79,-1,-1,-1
145,11,850.31,241.36,94.13,61.31,0.84,-1,-1,-1
146,2,243.44,393.07,111.16,62.98,0.85,-1,-1,-1
146,10,369.63,28.08,86.73,59.00,0.79,-1,-1,-1
146,11,854.08,254.31,95.53,61.80,0.84,-1,-1,-1
147,2,243.79,393.06,111.14,62.98,0.85,-1,-1,-1
147,10,369.32,28.73,86.75,59.00,0.75,-1,-1,-1
147,11,858.11,266.68,96.48,61.99,0.85,-1,-1,-1
148,2,243.92,393.05,111.13,62.98,0.85,-1,-1,-1
148,10,369.58,28.31,86.68,59.00,0.78,-1,-1,-1
148,11,865.07,288.05,98.16,62.71,0.83,-1,-1,-1
149,2,243.97,393.05,111.12,62.99,0.85,-1,-1,-1
149,10,369.69,28.14,86.62,59.00,0.79,-1,-1,-1
149,11,870.69,304.90,99.09,62.97,0.85,-1,-1,-1
150,2,243.99,393.04,111.11,62.99,0.84,-1,-1,-1
150,10,369.75,28.08,86.56,59.00,0.78,-1,-1,-1
150,11,875.72,320.69,99.89,63.07,0.85,-1,-1,-1
151,2,244.00,393.04,111.10,62.99,0.84,-1,-1,-1
151,10,370.06,28.05,86.60,59.00,0.77,-1,-1,-1
151,11,880.86,336.06,100.61,63.09,0.83,-1,-1,-1
152,2,244.16,392.37,112.09,63.65,0.84,-1,-1,-1
152,10,370.55,28.04,86.54,59.00,0.77,-1,-1,-1
152,11,889.60,362.45,101.43,63.10,0.83,-1,-1,-1
153,2,243.89,392.12,112.46,63.90,0.84,-1,-1,-1
153,10,370.36,28.03,86.59,59.00,0.78,-1,-1,-1
153,11,896.37,383.12,102.34,63.09,0.83,-1,-1,-1
154,2,244.18,392.02,112.47,63.99,0.84,-1,-1,-1
154,10,370.65,28.02,86.53,59.00,0.74,-1,-1,-1
154,11,901.53,401.58,104.99,64.40,0.85,-1,-1,-1
155,2,244.33,391.99,112.38,64.02,0.84,-1,-1,-1
155,10,370.40,28.02,86.58,59.00,0.75,-1,-1,-1
155,11,908.11,420.47,105.54,64.23,0.85,-1,-1,-1
156,2,244.91,391.98,111.28,63.37,0.84,-1,-1,-1
156,10,370.28,28.02,86.62,59.00,0.72,-1,-1,-1
156,11,918.47,452.73,107.37,64.82,0.84,-1,-1,-1
157,2,245.12,391.98,110.88,63.13,0.84,-1,-1,-1
157,10,370.51,27.36,86.75,59.00,0.72,-1,-1,-1
157,11,926.18,478.13,108.61,65.03,0.83,-1,-1,-1
158,2,245.18,391.98,110.75,63.03,0.84,-1,-1,-1
158,10,370.56,27.10,86.87,59.00,0.72,-1,-1,-1
158,11,933.81,501.57,109.72,65.10,0.84,-1,-1,-1
159,2,245.48,391.98,110.81,63.00,0.83,-1,-1,-1
159,10,370.54,27.01,86.97,59.00,0.73,-1,-1,-1
159,11,940.90,524.90,111.78,65.77,0.84,-1,-1,-1
160,2,245.43,391.32,111.81,63.65,0.84,-1,-1,-1
160,10,370.88,26.98,86.98,59.00,0.75,-1,-1,-1
160,11,954.26,565.86,112.38,65.37,0.83,-1,-1,-1
161,2,245.45,391.07,112.10,63.89,0.84,-1,-1,-1
161,10,371.00,26.97,86.98,59.00,0.75,-1,-1,-1
161,11,964.40,597.84,114.51,65.86,0.84,-1,-1,-1
162,2,245.48,390.99,112.14,63.98,0.84,-1,-1,-1
162,10,371.05,26.97,86.98,59.00,0.75,-1,-1,-1
162,11,973.33,627.53,117.05,66.69,0.84,-1,-1,-1
163,2,245.53,390.96,112.09,64.02,0.84,-1,-1,-1
163,10,371.06,26.97,86.98,59.00,0.75,-1,-1,-1
163,11,982.61,657.00,118.77,67.00,0.84,-1,-1,-1
164,2,245.57,390.95,112.00,64.03,0.84,-1,-1,-1
164,10,370.64,26.31,87.82,59.66,0.73,-1,-1,-1
165,2,245.61,390.95,111.91,64.03,0.84,-1,-1,-1
165,10,371.17,26.07,88.06,59.91,0.72,-1,-1,-1
166,2,245.64,390.95,111.83,64.03,0.84,-1,-1,-1
166,10,370.75,25.98,88.08,60.00,0.72,-1,-1,-1
167,2,245.68,390.96,111.75,64.02,0.84,-1,-1,-1
167,10,371.03,25.95,87.20,59.37,0.71,-1,-1,-1
168,2,246.48,390.96,110.79,63.36,0.85,-1,-1,-1
168,10,371.79,25.94,86.87,59.13,0.70,-1,-1,-1
169,2,246.73,390.97,110.52,63.11,0.85,-1,-1,-1
169,10,371.68,25.95,86.87,59.04,0.69,-1,-1,-1
170,2,246.78,390.97,110.52,63.02,0.85,-1,-1,-1
170,10,371.99,25.95,86.83,59.01,0.71,-1,-1,-1
171,2,246.25,390.31,111.60,63.65,0.85,-1,-1,-1
171,10,372.09,25.96,86.83,58.99,0.70,-1,-1,-1
172,2,246.92,390.73,110.91,63.22,0.84,-1,-1,-1
172,10,372.12,25.96,86.84,58.99,0.71,-1,-1,-1
173,2,246.66,390.23,111.67,63.73,0.84,-1,-1,-1
173,10,372.12,25.97,86.86,58.99,0.71,-1,-1,-1
174,2,246.59,390.04,111.89,63.91,0.84,-1,-1,-1
174,10,372.11,25.97,86.87,58.99,0.70,-1,-1,-1
175,2,247.09,389.98,110.93,63.33,0.85,-1,-1,-1
175,10,372.48,25.97,86.79,58.99,0.70,-1,-1,-1
176,2,247.25,389.96,110.60,63.10,0.85,-1,-1,-1
176,10,372.92,25.98,86.81,58.99,0.70,-1,-1,-1
177,2,247.96,389.95,110.51,63.02,0.85,-1,-1,-1
177,10,373.08,25.98,86.83,58.99,0.69,-1,-1,-1
178,2,247.82,389.95,110.60,62.99,0.85,-1,-1,-1
178,10,373.13,25.98,86.84,58.99,0.69,-1,-1,-1
179,2,247.73,389.96,110.71,62.98,0.85,-1,-1,-1
179,10,373.13,25.98,86.86,58.99,0.69,-1,-1,-1
180,2,247.65,389.96,110.83,62.98,0.85,-1,-1,-1
180,10,373.13,25.99,86.87,59.00,0.71,-1,-1,-1
181,2,247.58,389.97,110.94,62.98,0.85,-1,-1,-1
181,10,373.12,25.99,86.88,59.00,0.71,-1,-1,-1
182,2,247.90,389.97,110.95,62.98,0.85,-1,-1,-1
182,10,373.11,25.99,86.89,59.00,0.71,-1,-1,-1
183,2,248.02,389.97,110.95,62.98,0.85,-1,-1,-1
183,10,373.10,25.99,86.91,59.00,0.71,-1,-1,-1
184,2,248.06,389.98,110.96,62.98,0.85,-1,-1,-1
184,10,373.09,25.99,86.91,59.00,0.71,-1,-1,-1
185,2,247.57,389.32,111.96,63.65,0.85,-1,-1,-1
185,10,373.08,25.99,86.92,59.00,0.70,-1,-1,-1
186,2,247.42,389.07,112.25,63.90,0.85,-1,-1,-1
186,10,373.07,25.99,86.93,59.00,0.70,-1,-1,-1
187,2,247.41,388.98,112.28,63.99,0.84,-1,-1,-1
187,10,373.06,25.99,86.94,59.00,0.71,-1,-1,-1
188,2,247.93,388.95,111.22,63.36,0.84,-1,-1,-1
188,10,373.34,25.99,87.04,59.00,0.69,-1,-1,-1
189,2,248.40,388.95,110.93,63.12,0.84,-1,-1,-1
189,10,373.00,25.33,87.96,59.66,0.70,-1,-1,-1
190,2,248.54,388.95,110.90,63.03,0.84,-1,-1,-1
190,10,372.88,25.09,88.29,59.91,0.68,-1,-1,-1
191,2,248.55,388.95,110.95,63.00,0.84,-1,-1,-1
191,10,372.84,25.00,88.38,60.00,0.68,-1,-1,-1
192,2,248.53,388.96,111.03,62.99,0.84,-1,-1,-1
192,10,372.84,24.97,88.39,60.03,0.65,-1,-1,-1
193,2,248.48,388.96,111.12,62.99,0.84,-1,-1,-1
193,10,372.85,24.96,88.37,60.04,0.64,-1,-1,-1
194,2,248.44,388.97,111.20,62.99,0.84,-1,-1,-1
194,10,372.86,24.96,88.34,60.04,0.67,-1,-1,-1
195,2,248.78,388.97,111.18,62.99,0.84,-1,-1,-1
195,10,372.87,24.96,88.31,60.04,0.63,-1,-1,-1
196,2,248.41,388.31,112.16,63.65,0.84,-1,-1,-1
196,10,372.88,24.96,88.28,60.03,0.60,-1,-1,-1
197,2,248.31,388.07,112.43,63.90,0.84,-1,-1,-1
197,10,372.90,24.97,88.25,60.03,0.63,-1,-1,-1
198,2,248.32,387.98,112.44,63.99,0.84,-1,-1,-1
198,10,372.91,24.97,88.23,60.03,0.65,-1,-1,-1
199,2,248.36,387.95,112.36,64.02,0.84,-1,-1,-1
199,10,373.33,24.98,87.37,59.36,0.70,-1,-1,-1
200,2,248.41,387.94,112.25,64.03,0.84,-1,-1,-1
200,10,373.46,24.98,87.11,59.11,0.71,-1,-1,-1
201,2,248.47,387.95,112.14,64.03,0.84,-1,-1,-1
201,10,373.47,24.98,87.08,59.02,0.72,-1,-1,-1
202,2,248.52,387.95,112.03,64.03,0.84,-1,-1,-1
202,10,373.45,24.98,87.12,58.98,0.73,-1,-1,-1
202,13,1226.93,31.60,77.94,64.80,0.69,-1,-1,-1
203,2,248.56,387.96,111.93,64.03,0.84,-1,-1,-1
203,10,373.38,24.32,87.93,59.64,0.75,-1,-1,-1
203,13,1218.57,25.00,77.16,64.19,0.73,-1,-1,-1
204,2,248.60,387.96,111.84,64.03,0.84,-1,-1,-1
204,10,373.39,24.08,88.15,59.88,0.76,-1,-1,-1
204,13,1201.79,11.84,75.93,63.20,0.74,-1,-1,-1
205,2,249.42,387.97,110.87,63.36,0.84,-1,-1,-1
205,10,373.43,23.99,88.16,59.98,0.77,-1,-1,-1
205,13,1190.41,2.69,76.38,63.67,0.80,-1,-1,-1
206,2,249.68,387.97,110.60,63.11,0.84,-1,-1,-1
206,10,373.47,23.96,88.10,60.01,0.77,-1,-1,-1
206,13,1182.33,-1.37,73.21,60.95,0.76,-1,-1,-1
207,2,249.23,387.31,111.58,63.68,0.83,-1,-1,-1
207,10,373.52,23.95,88.01,60.02,0.76,-1,-1,-1
208,2,248.78,387.07,111.85,63.89,0.83,-1,-1,-1
208,10,373.98,23.95,87.09,59.36,0.74,-1,-1,-1
209,2,248.63,386.98,111.89,63.97,0.83,-1,-1,-1
209,10,374.14,23.96,86.77,59.11,0.74,-1,-1,-1
210,2,248.89,386.95,111.95,64.00,0.83,-1,-1,-1
210,10,374.19,23.96,86.67,59.02,0.73,-1,-1,-1
211,2,249.48,386.94,110.98,63.35,0.83,-1,-1,-1
211,10,374.19,23.97,86.65,58.99,0.69,-1,-1,-1
212,2,249.65,386.95,110.71,63.11,0.83,-1,-1,-1
212,10,374.43,23.31,87.50,59.64,0.74,-1,-1,-1
213,2,249.56,386.95,111.59,63.68,0.83,-1,-1,-1
213,10,374.54,23.06,87.77,59.88,0.75,-1,-1,-1
214,2,250.04,386.96,110.87,63.23,0.83,-1,-1,-1
214,10,375.02,22.97,86.99,59.32,0.73,-1,-1,-1
215,2,250.21,386.96,110.62,63.07,0.83,-1,-1,-1
215,10,375.19,22.95,86.71,59.10,0.76,-1,-1,-1
216,2,250.25,386.97,110.56,63.00,0.83,-1,-1,-1
216,10,375.23,22.94,86.64,59.02,0.73,-1,-1,-1
217,2,249.76,386.31,111.56,63.64,0.83,-1,-1,-1
217,10,374.85,22.94,86.73,58.99,0.74,-1,-1,-1
218,2,249.60,386.06,111.87,63.89,0.83,-1,-1,-1
218,10,374.67,22.95,86.83,58.98,0.76,-1,-1,-1
219,2,249.85,385.98,112.03,63.98,0.83,-1,-1,-1
219,10,374.15,22.29,87.77,59.64,0.76,-1,-1,-1
220,2,250.44,385.95,111.09,63.35,0.83,-1,-1,-1
220,10,373.96,22.05,88.11,59.89,0.75,-1,-1,-1
221,2,250.62,385.94,110.81,63.11,0.83,-1,-1,-1
221,10,374.28,21.96,88.13,59.98,0.75,-1,-1,-1
222,2,250.64,385.94,110.79,63.02,0.84,-1,-1,-1
222,10,374.84,21.94,87.24,59.36,0.74,-1,-1,-1
223,2,250.61,385.95,110.85,62.99,0.84,-1,-1,-1
223,10,375.05,21.93,86.91,59.12,0.74,-1,-1,-1
224,2,250.44,385.29,111.85,63.64,0.84,-1,-1,-1
224,10,375.12,21.94,86.80,59.03,0.73,-1,-1,-1
225,2,250.42,385.05,112.14,63.89,0.84,-1,-1,-1
225,10,375.00,21.28,87.71,59.66,0.72,-1,-1,-1
226,2,250.44,384.96,112.17,63.98,0.84,-1,-1,-1
226,10,375.34,21.04,87.94,59.89,0.70,-1,-1,-1
227,2,250.49,384.94,112.11,64.01,0.84,-1,-1,-1
227,10,375.49,20.95,87.97,59.98,0.70,-1,-1,-1
228,2,250.53,384.93,112.03,64.02,0.85,-1,-1,-1
228,10,375.58,20.93,87.92,60.01,0.72,-1,-1,-1
229,2,251.07,384.94,110.95,63.36,0.85,-1,-1,-1
229,10,375.63,20.92,87.85,60.02,0.72,-1,-1,-1
230,2,251.25,384.94,110.58,63.11,0.85,-1,-1,-1
230,10,375.67,20.93,87.77,60.03,0.71,-1,-1,-1
231,2,251.30,384.95,110.47,63.02,0.85,-1,-1,-1
231,10,376.11,20.93,86.87,59.36,0.72,-1,-1,-1
232,2,251.08,384.29,111.56,63.65,0.85,-1,-1,-1
232,10,375.85,20.28,87.40,59.78,0.71,-1,-1,-1
233,2,251.38,384.05,111.86,63.89,0.85,-1,-1,-1
233,10,375.76,20.04,87.56,59.93,0.71,-1,-1,-1
234,2,252.01,383.96,110.93,63.32,0.85,-1,-1,-1
234,10,375.65,19.95,87.77,59.99,0.71,-1,-1,-1
235,2,252.23,383.94,110.61,63.10,0.85,-1,-1,-1
235,10,375.58,19.93,87.91,60.01,0.71,-1,-1,-1
236,2,252.29,383.93,110.52,63.02,0.86,-1,-1,-1
236,10,375.52,19.92,88.03,60.01,0.69,-1,-1,-1
237,2,252.30,383.94,110.52,62.99,0.86,-1,-1,-1
237,10,375.46,19.93,88.12,60.02,0.69,-1,-1,-1
238,2,252.28,383.94,110.55,62.98,0.86,-1,-1,-1
238,10,375.80,19.28,88.11,60.01,0.68,-1,-1,-1
239,2,251.76,383.29,111.58,63.64,0.86,-1,-1,-1
239,10,375.92,19.03,88.10,60.01,0.69,-1,-1,-1
240,2,251.59,383.04,111.90,63.89,0.86,-1,-1,-1
240,10,376.25,18.95,88.19,60.01,0.66,-1,-1,-1
241,2,251.56,382.96,111.96,63.98,0.86,-1,-1,-1
241,10,376.07,18.92,88.17,60.01,0.66,-1,-1,-1
242,2,251.57,382.93,111.92,64.02,0.86,-1,-1,-1
242,10,376.29,18.92,88.25,60.01,0.59,-1,-1,-1
243,2,251.60,382.93,111.85,64.03,0.86,-1,-1,-1
243,10,376.34,18.93,88.32,60.01,0.59,-1,-1,-1
244,2,251.64,382.93,111.78,64.03,0.86,-1,-1,-1
244,10,376.34,18.93,88.38,60.01,0.44,-1,-1,-1
245,2,251.67,382.94,111.71,64.03,0.86,-1,-1,-1
245,10,376.32,18.94,88.44,60.01,0.41,-1,-1,-1
246,2,251.70,382.94,111.64,64.02,0.86,-1,-1,-1
246,10,376.29,18.95,88.50,60.01,0.38,-1,-1,-1
247,2,252.01,382.95,111.67,64.02,0.86,-1,-1,-1
247,10,376.36,18.29,88.35,60.00,0.33,-1,-1,-1
248,2,252.33,383.62,110.62,63.36,0.85,-1,-1,-1
248,10,376.33,18.05,88.41,60.00,0.42,-1,-1,-1
249,2,252.70,383.87,110.37,63.11,0.85,-1,-1,-1
249,10,376.30,17.96,88.47,60.00,0.48,-1,-1,-1
250,2,252.51,383.97,110.29,63.01,0.85,-1,-1,-1
250,10,376.64,17.94,88.43,60.00,0.37,-1,-1,-1
251,2,252.41,384.00,110.30,62.98,0.85,-1,-1,-1
251,10,376.79,17.93,88.38,60.00,0.44,-1,-1,-1
252,2,252.35,384.68,110.35,62.97,0.85,-1,-1,-1
252,10,377.23,17.94,88.25,60.00,0.44,-1,-1,-1
253,2,252.31,384.93,110.41,62.97,0.85,-1,-1,-1
253,10,377.04,17.94,88.23,60.00,0.44,-1,-1,-1
254,2,251.78,385.02,111.45,63.63,0.84,-1,-1,-1
254,10,376.98,17.95,88.21,60.00,0.44,-1,-1,-1
255,2,251.61,385.05,111.79,63.88,0.84,-1,-1,-1
255,10,376.96,17.95,88.19,60.00,0.46,-1,-1,-1
256,2,251.69,385.71,110.97,63.32,0.83,-1,-1,-1
256,10,376.67,17.96,88.07,60.00,0.56,-1,-1,-1
257,2,251.68,385.96,110.74,63.10,0.83,-1,-1,-1
257,10,376.59,17.96,87.97,60.00,0.52,-1,-1,-1
258,2,250.47,386.05,111.73,63.68,0.83,-1,-1,-1
258,10,377.24,17.97,87.88,60.00,0.54,-1,-1,-1
