0,1,996.00,454.00,67.00,15.00,0.85,-1,-1,-1
0,2,274.00,310.00,58.00,12.00,0.83,-1,-1,-1
0,3,660.00,0.00,25.00,12.00,0.85,-1,-1,-1
1,2,271.53,310.87,62.08,12.87,0.83,-1,-1,-1
1,3,660.43,3.47,26.75,12.87,0.85,-1,-1,-1
2,2,270.78,311.77,62.67,13.02,0.84,-1,-1,-1
2,3,660.90,8.61,27.00,13.02,0.87,-1,-1,-1
3,2,272.00,313.56,59.19,12.30,0.84,-1,-1,-1
3,3,661.48,14.78,26.96,13.05,0.87,-1,-1,-1
4,2,272.08,314.87,57.98,12.05,0.84,-1,-1,-1
4,3,661.68,21.06,28.33,13.78,0.85,-1,-1,-1
5,2,272.10,315.97,57.63,11.97,0.84,-1,-1,-1
5,3,661.45,26.52,30.06,14.71,0.85,-1,-1,-1
6,2,271.78,317.00,57.49,11.95,0.84,-1,-1,-1
6,3,662.72,33.05,29.28,14.38,0.87,-1,-1,-1
7,2,271.30,318.01,57.51,11.95,0.83,-1,-1,-1
7,3,664.28,39.36,28.79,14.22,0.85,-1,-1,-1
8,2,268.95,319.70,60.52,12.64,0.83,-1,-1,-1
8,3,665.88,50.91,28.54,14.14,0.87,-1,-1,-1
9,2,268.22,320.95,61.41,12.89,0.83,-1,-1,-1
9,3,666.24,59.01,29.52,14.78,0.87,-1,-1,-1
10,2,267.39,322.03,61.55,12.99,0.85,-1,-1,-1
10,3,668.27,67.09,28.67,14.35,0.86,-1,-1,-1
11,2,267.19,323.06,61.42,13.02,0.86,-1,-1,-1
11,3,669.11,74.55,29.48,14.84,0.89,-1,-1,-1
12,2,266.85,324.73,61.27,13.03,0.85,-1,-1,-1
12,3,671.32,87.62,28.55,14.36,0.89,-1,-1,-1
13,2,266.14,325.97,61.10,13.03,0.85,-1,-1,-1
13,3,671.93,97.02,30.57,15.50,0.87,-1,-1,-1
13,16,817.35,3.20,28.30,13.60,0.83,-1,-1,-1
14,2,265.94,327.06,60.92,13.03,0.84,-1,-1,-1
14,3,672.87,105.52,31.16,15.91,0.87,-1,-1,-1
14,16,820.05,8.97,27.34,13.16,0.84,-1,-1,-1
15,2,265.65,328.08,60.66,13.02,0.83,-1,-1,-1
15,3,674.73,114.39,30.25,15.41,0.87,-1,-1,-1
15,16,822.62,15.76,28.50,13.77,0.82,-1,-1,-1
16,2,266.58,329.75,57.85,12.36,0.83,-1,-1,-1
17,2,266.61,330.99,56.82,12.10,0.83,-1,-1,-1
17,22,832.80,34.80,25.01,14.00,0.85,-1,-1,-1
18,2,266.20,332.07,56.64,12.01,0.84,-1,-1,-1
18,22,834.97,40.35,26.37,14.77,0.86,-1,-1,-1
19,2,266.00,333.09,56.71,11.98,0.84,-1,-1,-1
19,22,838.34,47.52,26.84,15.03,0.83,-1,-1,-1
20,2,263.84,334.09,59.60,12.64,0.84,-1,-1,-1
21,2,263.12,335.09,60.53,12.88,0.84,-1,-1,-1
22,2,262.92,336.08,60.78,12.98,0.84,-1,-1,-1
23,2,262.92,336.42,60.76,13.01,0.84,-1,-1,-1
24,2,262.70,337.82,60.55,13.02,0.83,-1,-1,-1
25,2,262.33,338.96,60.43,13.02,0.82,-1,-1,-1
26,2,262.24,339.36,60.30,13.02,0.83,-1,-1,-1
27,2,261.60,340.13,60.18,13.02,0.84,-1,-1,-1
28,2,261.03,341.70,60.16,13.02,0.86,-1,-1,-1
29,2,260.83,342.26,60.14,13.02,0.86,-1,-1,-1
30,2,262.07,343.09,57.53,12.35,0.86,-1,-1,-1
31,2,261.12,343.35,59.43,12.77,0.85,-1,-1,-1
32,2,260.14,344.08,60.08,12.92,0.85,-1,-1,-1
33,2,259.79,344.99,60.31,12.98,0.86,-1,-1,-1
34,2,259.68,345.30,60.37,13.00,0.86,-1,-1,-1
35,2,259.01,346.04,60.37,13.01,0.85,-1,-1,-1
36,2,258.78,346.95,60.34,13.01,0.84,-1,-1,-1
37,2,260.01,347.92,57.71,12.35,0.83,-1,-1,-1
38,2,258.38,348.25,59.60,12.77,0.83,-1,-1,-1
39,2,257.82,348.35,60.24,12.92,0.83,-1,-1,-1
40,2,256.32,349.02,63.09,13.64,0.83,-1,-1,-1
41,2,256.81,349.90,61.42,13.26,0.83,-1,-1,-1
42,2,257.01,350.21,60.78,13.10,0.83,-1,-1,-1
43,2,257.09,350.96,60.56,13.04,0.84,-1,-1,-1
44,2,256.45,351.88,60.52,13.02,0.85,-1,-1,-1
45,2,256.20,352.20,60.53,13.01,0.85,-1,-1,-1
46,2,254.79,352.29,63.20,13.67,0.84,-1,-1,-1
47,2,254.00,352.32,64.07,13.91,0.84,-1,-1,-1
48,2,254.79,353.60,61.60,13.35,0.84,-1,-1,-1
49,2,255.10,354.07,60.67,13.13,0.84,-1,-1,-1
50,2,255.20,354.23,60.37,13.04,0.84,-1,-1,-1
51,2,253.62,354.26,62.85,13.68,0.84,-1,-1,-1
52,2,252.79,354.91,63.61,13.91,0.84,-1,-1,-1
53,2,253.85,355.80,61.18,13.35,0.84,-1,-1,-1
54,2,254.25,356.12,60.28,13.12,0.84,-1,-1,-1
55,2,253.99,356.21,60.11,13.04,0.83,-1,-1,-1
56,2,253.56,356.90,60.07,13.01,0.82,-1,-1,-1
57,2,253.38,357.80,60.11,13.00,0.82,-1,-1,-1
58,2,252.92,358.12,60.28,12.99,0.82,-1,-1,-1
59,2,251.39,358.21,63.07,13.65,0.83,-1,-1,-1
60,2,251.91,358.89,61.30,13.25,0.83,-1,-1,-1
61,2,252.11,359.79,60.63,13.09,0.84,-1,-1,-1
62,2,252.18,360.11,60.42,13.03,0.84,-1,-1,-1
63,2,251.53,360.21,60.38,13.00,0.85,-1,-1,-1
64,2,249.95,360.89,63.05,13.66,0.86,-1,-1,-1
65,2,249.48,361.13,63.83,13.90,0.86,-1,-1,-1
66,2,250.68,361.86,61.38,13.34,0.85,-1,-1,-1
67,2,251.14,362.12,60.47,13.12,0.85,-1,-1,-1
68,2,250.91,362.86,60.29,13.04,0.85,-1,-1,-1
69,2,250.50,363.12,60.23,13.01,0.85,-1,-1,-1
70,2,249.95,363.86,60.35,12.99,0.86,-1,-1,-1
71,2,249.42,364.12,60.40,12.99,0.86,-1,-1,-1
72,2,249.21,364.86,60.45,12.99,0.86,-1,-1,-1
73,2,249.13,365.12,60.50,12.99,0.86,-1,-1,-1
74,2,249.10,365.20,60.55,12.99,0.85,-1,-1,-1
75,2,249.08,365.88,60.59,12.99,0.85,-1,-1,-1
76,2,247.09,366.11,63.28,13.66,0.84,-1,-1,-1
77,2,247.75,366.84,61.49,13.25,0.83,-1,-1,-1
78,2,248.01,367.10,60.80,13.09,0.83,-1,-1,-1
79,2,246.78,367.18,63.22,13.69,0.83,-1,-1,-1
80,2,247.72,367.86,61.34,13.26,0.83,-1,-1,-1
81,2,247.70,368.76,60.72,13.09,0.83,-1,-1,-1
82,2,247.66,369.08,60.59,13.03,0.84,-1,-1,-1
83,2,247.61,369.18,60.63,13.00,0.84,-1,-1,-1
84,2,247.27,369.87,60.62,13.00,0.84,-1,-1,-1
85,2,245.81,370.11,63.30,13.66,0.84,-1,-1,-1
86,2,246.67,370.84,61.50,13.25,0.85,-1,-1,-1
87,2,246.63,371.10,60.90,13.09,0.85,-1,-1,-1
88,2,246.96,371.85,60.67,13.03,0.85,-1,-1,-1
89,2,246.70,372.11,60.70,13.00,0.84,-1,-1,-1
90,2,246.57,372.85,60.79,13.00,0.84,-1,-1,-1
91,2,244.88,373.11,63.46,13.66,0.84,-1,-1,-1
92,2,245.66,373.85,61.64,13.25,0.85,-1,-1,-1
93,2,244.65,374.11,63.58,13.75,0.84,-1,-1,-1
94,2,245.30,374.85,61.61,13.29,0.85,-1,-1,-1
95,2,245.90,375.12,60.81,13.10,0.84,-1,-1,-1
96,2,244.13,375.86,63.20,13.69,0.83,-1,-1,-1
96,117,374.82,0.00,44.75,6.60,0.82,-1,-1,-1
97,2,244.86,376.78,61.30,13.26,0.83,-1,-1,-1
97,117,371.20,0.00,51.02,7.58,0.83,-1,-1,-1
98,2,245.15,377.11,60.59,13.09,0.83,-1,-1,-1
98,117,367.34,0.00,57.65,8.68,0.85,-1,-1,-1
99,2,243.92,377.21,63.02,13.69,0.84,-1,-1,-1
99,117,365.94,0.66,59.38,9.09,0.84,-1,-1,-1
100,2,243.19,377.89,63.80,13.91,0.84,-1,-1,-1
100,117,367.59,2.25,55.01,8.55,0.81,-1,-1,-1
101,2,242.99,378.79,63.97,13.99,0.84,-1,-1,-1
101,117,368.72,3.57,52.38,8.29,0.82,-1,-1,-1
102,2,242.97,379.11,63.91,14.02,0.85,-1,-1,-1
102,117,368.84,4.71,50.68,8.18,0.82,-1,-1,-1
103,2,244.31,379.87,61.23,13.37,0.86,-1,-1,-1
103,117,369.25,5.78,49.35,8.13,0.81,-1,-1,-1
104,2,244.49,380.81,60.21,13.12,0.86,-1,-1,-1
104,117,367.26,6.82,51.85,8.77,0.78,-1,-1,-1
105,2,244.52,381.13,59.92,13.03,0.85,-1,-1,-1
105,117,368.71,8.49,48.40,8.36,0.83,-1,-1,-1
106,2,244.50,381.89,59.88,13.00,0.85,-1,-1,-1
106,117,367.55,9.11,49.90,8.84,0.88,-1,-1,-1
107,2,243.15,382.16,62.57,13.65,0.84,-1,-1,-1
107,117,367.55,9.98,49.61,9.01,0.88,-1,-1,-1
108,2,243.64,382.90,60.93,13.24,0.85,-1,-1,-1
108,117,368.88,11.58,45.58,8.42,0.81,-1,-1,-1
109,2,242.48,383.15,63.02,13.74,0.86,-1,-1,-1
109,117,368.05,12.16,46.73,8.85,0.82,-1,-1,-1
110,2,243.12,383.89,61.00,13.28,0.85,-1,-1,-1
110,117,367.83,13.01,46.36,9.00,0.82,-1,-1,-1
111,2,242.03,384.15,62.90,13.76,0.85,-1,-1,-1
111,117,367.73,13.96,45.62,9.05,0.83,-1,-1,-1
112,2,243.00,384.88,60.87,13.28,0.85,-1,-1,-1
112,117,367.99,14.94,44.76,9.06,0.83,-1,-1,-1
113,2,242.05,385.14,62.76,13.76,0.84,-1,-1,-1
113,117,368.37,15.94,43.90,9.07,0.82,-1,-1,-1
114,2,241.78,385.23,63.29,13.93,0.83,-1,-1,-1
114,117,370.15,16.95,40.35,8.40,0.82,-1,-1,-1
115,2,243.03,385.89,60.80,13.34,0.83,-1,-1,-1
115,117,368.87,17.28,41.59,8.82,0.83,-1,-1,-1
116,2,242.18,386.13,62.53,13.78,0.82,-1,-1,-1
116,117,367.30,18.04,44.26,9.61,0.33,-1,-1,-1
117,2,242.83,386.86,60.57,13.28,0.82,-1,-1,-1
118,2,242.10,387.11,62.46,13.76,0.83,-1,-1,-1
119,2,241.54,387.85,63.09,13.93,0.83,-1,-1,-1
119,117,369.86,20.95,38.10,8.29,0.77,-1,-1,-1
120,2,241.74,388.12,63.16,13.99,0.83,-1,-1,-1
120,117,370.15,21.97,36.76,8.04,0.82,-1,-1,-1
121,2,242.78,388.86,60.62,13.36,0.84,-1,-1,-1
121,117,368.95,22.29,38.92,8.65,0.82,-1,-1,-1
122,2,243.11,389.12,59.79,13.11,0.83,-1,-1,-1
122,117,368.72,23.05,39.31,8.86,0.81,-1,-1,-1
123,2,241.56,389.19,62.16,13.69,0.84,-1,-1,-1
123,117,368.50,23.31,39.09,8.95,0.79,-1,-1,-1
124,2,242.61,389.87,60.45,13.25,0.84,-1,-1,-1
124,117,368.20,24.03,38.80,8.98,0.77,-1,-1,-1
125,2,241.66,390.11,62.52,13.74,0.84,-1,-1,-1
125,117,369.41,24.94,36.05,8.33,0.72,-1,-1,-1
126,2,241.08,390.19,63.08,13.92,0.85,-1,-1,-1
126,117,368.63,25.23,37.54,8.76,0.74,-1,-1,-1
127,2,242.48,390.85,60.73,13.33,0.83,-1,-1,-1
127,117,368.46,25.33,37.83,8.91,0.76,-1,-1,-1
128,2,241.36,391.09,62.47,13.77,0.84,-1,-1,-1
128,117,368.50,26.00,37.77,8.97,0.76,-1,-1,-1
129,2,241.31,391.17,63.05,13.93,0.84,-1,-1,-1
129,117,368.60,26.23,37.58,8.99,0.73,-1,-1,-1
130,2,242.60,391.84,60.66,13.34,0.84,-1,-1,-1
130,117,369.52,26.95,35.12,8.34,0.73,-1,-1,-1
131,2,243.03,392.08,59.87,13.10,0.84,-1,-1,-1
131,117,368.59,27.18,36.75,8.77,0.74,-1,-1,-1
132,2,243.11,392.15,59.74,13.02,0.84,-1,-1,-1
132,117,368.70,27.27,37.11,8.92,0.74,-1,-1,-1
133,2,241.76,392.17,62.45,13.66,0.84,-1,-1,-1
133,117,368.44,27.27,37.21,8.98,0.74,-1,-1,-1
134,2,241.33,392.16,63.33,13.89,0.84,-1,-1,-1
134,117,368.00,27.91,37.27,9.00,0.75,-1,-1,-1
135,2,241.21,392.15,63.57,13.98,0.85,-1,-1,-1
135,117,367.85,28.14,37.28,9.01,0.75,-1,-1,-1
136,2,241.22,392.14,63.55,14.01,0.85,-1,-1,-1
136,117,367.43,28.20,37.36,9.01,0.78,-1,-1,-1
137,2,241.27,392.12,63.46,14.02,0.84,-1,-1,-1
137,117,367.26,28.21,37.42,9.01,0.78,-1,-1,-1
138,2,242.60,392.76,60.80,13.37,0.84,-1,-1,-1
138,117,367.19,28.20,37.48,9.01,0.80,-1,-1,-1
139,2,243.04,393.00,59.92,13.11,0.84,-1,-1,-1
139,117,367.16,28.18,37.53,9.01,0.80,-1,-1,-1
140,2,243.51,393.08,59.65,13.02,0.84,-1,-1,-1
140,117,367.14,28.16,37.57,9.01,0.80,-1,-1,-1
141,2,243.64,393.10,59.64,12.99,0.84,-1,-1,-1
141,117,367.41,28.14,37.71,9.01,0.80,-1,-1,-1
142,2,243.64,393.10,59.72,12.98,0.84,-1,-1,-1
142,117,368.23,28.13,37.64,9.00,0.79,-1,-1,-1
143,2,243.60,393.09,59.82,12.98,0.84,-1,-1,-1
143,117,367.90,28.11,37.58,9.00,0.78,-1,-1,-1
144,2,243.84,393.08,60.02,12.98,0.85,-1,-1,-1
144,117,368.83,28.10,37.43,9.00,0.79,-1,-1,-1
145,2,243.87,393.07,60.21,12.98,0.85,-1,-1,-1
145,117,369.22,28.09,37.29,9.00,0.79,-1,-1,-1
146,2,243.83,393.06,60.38,12.98,0.85,-1,-1,-1
146,117,369.41,28.08,37.17,9.00,0.79,-1,-1,-1
147,2,244.14,393.06,60.44,12.98,0.85,-1,-1,-1
147,117,369.12,28.73,37.15,9.00,0.75,-1,-1,-1
148,2,244.24,393.05,60.50,12.99,0.85,-1,-1,-1
148,117,369.40,28.31,37.04,9.00,0.78,-1,-1,-1
149,2,244.26,393.04,60.55,12.99,0.85,-1,-1,-1
149,117,369.53,28.14,36.94,9.00,0.79,-1,-1,-1
150,2,244.25,393.04,60.59,12.99,0.84,-1,-1,-1
150,117,369.60,28.08,36.85,9.00,0.78,-1,-1,-1
151,2,244.23,393.03,60.63,12.99,0.84,-1,-1,-1
151,117,369.93,28.05,36.87,9.00,0.77,-1,-1,-1
152,2,243.54,392.37,63.32,13.65,0.84,-1,-1,-1
152,117,370.43,28.04,36.78,9.00,0.77,-1,-1,-1
153,2,243.03,392.12,64.18,13.90,0.84,-1,-1,-1
153,117,370.25,28.03,36.80,9.00,0.78,-1,-1,-1
154,2,243.28,392.03,64.27,13.99,0.84,-1,-1,-1
154,117,370.56,28.02,36.73,9.00,0.74,-1,-1,-1
155,2,243.46,391.99,64.10,14.03,0.84,-1,-1,-1
155,117,370.31,28.02,36.75,9.00,0.75,-1,-1,-1
156,2,244.90,391.98,61.31,13.38,0.84,-1,-1,-1
156,117,370.20,28.02,36.78,9.00,0.72,-1,-1,-1
157,2,245.42,391.98,60.29,13.13,0.84,-1,-1,-1
157,117,370.44,27.36,36.89,9.00,0.72,-1,-1,-1
158,2,245.57,391.98,59.98,13.03,0.84,-1,-1,-1
158,117,370.49,27.10,37.00,9.00,0.72,-1,-1,-1
159,2,245.87,391.98,60.04,13.00,0.83,-1,-1,-1
159,117,370.48,27.01,37.09,9.00,0.73,-1,-1,-1
160,2,244.98,391.32,62.71,13.65,0.84,-1,-1,-1
160,117,370.83,26.98,37.08,9.00,0.75,-1,-1,-1
161,2,244.74,391.07,63.51,13.89,0.84,-1,-1,-1
161,117,370.96,26.97,37.07,9.00,0.75,-1,-1,-1
162,2,244.73,390.98,63.65,13.99,0.84,-1,-1,-1
162,117,371.00,26.97,37.07,9.00,0.75,-1,-1,-1
163,2,244.80,390.95,63.54,14.02,0.84,-1,-1,-1
163,117,371.02,26.97,37.06,9.00,0.75,-1,-1,-1
164,2,244.90,390.95,63.35,14.03,0.84,-1,-1,-1
164,117,369.85,26.31,39.40,9.66,0.73,-1,-1,-1
165,2,245.00,390.95,63.14,14.03,0.84,-1,-1,-1
165,117,370.17,26.07,40.04,9.90,0.72,-1,-1,-1
166,2,245.09,390.95,62.94,14.03,0.84,-1,-1,-1
166,117,369.75,25.98,40.09,10.00,0.72,-1,-1,-1
167,2,245.18,390.96,62.76,14.03,0.84,-1,-1,-1
167,117,370.78,25.95,37.70,9.38,0.71,-1,-1,-1
168,2,246.79,390.96,60.17,13.36,0.85,-1,-1,-1
168,117,371.84,25.95,36.78,9.13,0.70,-1,-1,-1
169,2,247.32,390.97,59.35,13.11,0.85,-1,-1,-1
169,117,371.83,25.95,36.58,9.04,0.69,-1,-1,-1
170,2,247.42,390.97,59.23,13.02,0.85,-1,-1,-1
170,117,372.15,25.95,36.51,9.01,0.71,-1,-1,-1
171,2,246.06,390.31,61.97,13.65,0.85,-1,-1,-1
171,117,372.25,25.96,36.51,9.00,0.70,-1,-1,-1
172,2,247.24,390.72,60.26,13.23,0.84,-1,-1,-1
172,117,372.27,25.96,36.54,8.99,0.71,-1,-1,-1
173,2,246.35,390.22,62.29,13.74,0.84,-1,-1,-1
173,117,372.26,25.97,36.58,8.99,0.71,-1,-1,-1
174,2,246.10,390.04,62.89,13.92,0.84,-1,-1,-1
174,117,372.24,25.97,36.61,8.99,0.70,-1,-1,-1
175,2,247.32,389.97,60.46,13.33,0.85,-1,-1,-1
175,117,372.60,25.97,36.56,8.99,0.70,-1,-1,-1
176,2,247.74,389.95,59.62,13.10,0.85,-1,-1,-1
176,117,373.03,25.98,36.60,8.99,0.70,-1,-1,-1
177,2,248.51,389.95,59.41,13.02,0.85,-1,-1,-1
177,117,373.17,25.98,36.64,8.99,0.69,-1,-1,-1
178,2,248.36,389.95,59.53,12.99,0.85,-1,-1,-1
178,117,373.21,25.98,36.67,9.00,0.69,-1,-1,-1
179,2,248.22,389.96,59.72,12.98,0.85,-1,-1,-1
179,117,373.21,25.98,36.70,9.00,0.69,-1,-1,-1
180,2,248.10,389.96,59.92,12.98,0.85,-1,-1,-1
180,117,373.20,25.99,36.73,9.00,0.71,-1,-1,-1
181,2,247.99,389.97,60.12,12.98,0.85,-1,-1,-1
181,117,373.18,25.99,36.76,9.00,0.71,-1,-1,-1
182,2,248.28,389.97,60.20,12.98,0.85,-1,-1,-1
182,117,373.16,25.99,36.78,9.00,0.71,-1,-1,-1
183,2,248.36,389.97,60.28,12.98,0.85,-1,-1,-1
183,117,373.15,25.99,36.80,9.00,0.71,-1,-1,-1
184,2,248.36,389.98,60.35,12.99,0.85,-1,-1,-1
184,117,373.13,25.99,36.82,9.00,0.71,-1,-1,-1
185,2,247.02,389.32,63.05,13.65,0.85,-1,-1,-1
185,117,373.12,25.99,36.84,9.00,0.70,-1,-1,-1
186,2,246.63,389.07,63.84,13.90,0.85,-1,-1,-1
186,117,373.11,25.99,36.85,9.00,0.70,-1,-1,-1
187,2,246.57,388.98,63.96,13.99,0.84,-1,-1,-1
187,117,373.10,25.99,36.87,9.00,0.71,-1,-1,-1
188,2,247.90,388.95,61.27,13.37,0.84,-1,-1,-1
188,117,373.37,25.99,36.97,9.00,0.69,-1,-1,-1
189,2,248.68,388.95,60.38,13.12,0.84,-1,-1,-1
189,117,372.27,25.33,39.41,9.66,0.70,-1,-1,-1
190,2,248.90,388.95,60.18,13.03,0.84,-1,-1,-1
190,117,371.95,25.09,40.14,9.90,0.68,-1,-1,-1
191,2,248.92,388.95,60.22,13.00,0.84,-1,-1,-1
191,117,371.90,25.00,40.28,10.00,0.68,-1,-1,-1
192,2,248.87,388.96,60.34,12.99,0.84,-1,-1,-1
192,117,371.94,24.97,40.19,10.03,0.65,-1,-1,-1
193,2,248.80,388.96,60.48,12.99,0.84,-1,-1,-1
193,117,372.02,24.96,40.03,10.04,0.64,-1,-1,-1
194,2,248.73,388.97,60.62,12.99,0.84,-1,-1,-1
194,117,372.11,24.96,39.85,10.04,0.67,-1,-1,-1
195,2,249.04,388.97,60.65,12.99,0.84,-1,-1,-1
195,117,372.19,24.96,39.68,10.04,0.63,-1,-1,-1
196,2,247.81,388.31,63.34,13.65,0.84,-1,-1,-1
196,117,372.27,24.96,39.52,10.03,0.60,-1,-1,-1
197,2,247.47,388.07,64.11,13.90,0.84,-1,-1,-1
197,117,372.34,24.97,39.37,10.03,0.63,-1,-1,-1
198,2,247.44,387.98,64.20,13.99,0.84,-1,-1,-1
198,117,372.40,24.97,39.24,10.03,0.65,-1,-1,-1
199,2,247.52,387.95,64.04,14.02,0.84,-1,-1,-1
199,117,373.56,24.97,36.93,9.37,0.70,-1,-1,-1
200,2,247.64,387.94,63.81,14.03,0.84,-1,-1,-1
200,117,373.94,24.98,36.15,9.11,0.71,-1,-1,-1
201,2,247.76,387.95,63.56,14.03,0.84,-1,-1,-1
201,117,374.01,24.98,36.00,9.02,0.72,-1,-1,-1
202,2,247.87,387.95,63.32,14.03,0.84,-1,-1,-1
202,117,373.97,24.98,36.07,8.98,0.73,-1,-1,-1
203,2,247.98,387.95,63.10,14.03,0.84,-1,-1,-1
203,117,373.13,24.32,38.43,9.64,0.75,-1,-1,-1
204,2,248.08,387.96,62.89,14.03,0.84,-1,-1,-1
204,117,372.90,24.07,39.12,9.88,0.76,-1,-1,-1
205,2,249.71,387.96,60.29,13.36,0.84,-1,-1,-1
205,117,372.89,23.98,39.25,9.98,0.77,-1,-1,-1
206,2,250.25,387.97,59.46,13.11,0.84,-1,-1,-1
206,117,372.95,23.95,39.16,10.01,0.77,-1,-1,-1
207,2,249.05,387.30,61.94,13.69,0.83,-1,-1,-1
207,117,373.03,23.95,39.00,10.02,0.76,-1,-1,-1
208,2,248.37,387.06,62.67,13.90,0.83,-1,-1,-1
208,117,374.20,23.95,36.65,9.37,0.74,-1,-1,-1
209,2,248.17,386.97,62.83,13.98,0.83,-1,-1,-1
209,117,374.62,23.95,35.82,9.11,0.74,-1,-1,-1
210,2,248.43,386.95,62.87,14.01,0.83,-1,-1,-1
210,117,374.72,23.96,35.61,9.02,0.73,-1,-1,-1
211,2,249.81,386.94,60.32,13.36,0.83,-1,-1,-1
211,117,374.71,23.96,35.63,8.99,0.69,-1,-1,-1
212,2,250.26,386.95,59.50,13.11,0.83,-1,-1,-1
212,117,374.19,23.30,37.99,9.65,0.74,-1,-1,-1
213,2,249.41,386.95,61.89,13.69,0.83,-1,-1,-1
213,117,374.07,23.06,38.71,9.89,0.75,-1,-1,-1
214,2,250.43,386.95,60.10,13.24,0.83,-1,-1,-1
214,117,375.17,22.97,36.70,9.33,0.73,-1,-1,-1
215,2,250.77,386.96,59.50,13.07,0.83,-1,-1,-1
215,117,375.56,22.95,35.98,9.11,0.76,-1,-1,-1
216,2,250.84,386.97,59.39,13.01,0.83,-1,-1,-1
216,117,375.65,22.94,35.79,9.02,0.73,-1,-1,-1
217,2,249.51,386.30,62.06,13.65,0.83,-1,-1,-1
217,117,375.27,22.94,35.90,9.00,0.74,-1,-1,-1
218,2,249.09,386.06,62.89,13.89,0.83,-1,-1,-1
218,117,375.06,22.95,36.06,8.99,0.76,-1,-1,-1
219,2,249.28,385.97,63.17,13.98,0.83,-1,-1,-1
219,117,373.78,22.29,38.52,9.65,0.76,-1,-1,-1
220,2,250.65,385.94,60.67,13.36,0.83,-1,-1,-1
220,117,373.36,22.05,39.31,9.89,0.75,-1,-1,-1
221,2,251.10,385.94,59.85,13.11,0.83,-1,-1,-1
221,117,373.62,21.96,39.42,9.99,0.75,-1,-1,-1
222,2,251.19,385.94,59.70,13.02,0.84,-1,-1,-1
222,117,374.90,21.93,37.13,9.37,0.74,-1,-1,-1
223,2,251.15,385.95,59.78,12.99,0.84,-1,-1,-1
223,117,375.36,21.93,36.28,9.12,0.74,-1,-1,-1
224,2,250.13,385.29,62.48,13.65,0.84,-1,-1,-1
224,117,375.50,21.94,36.04,9.03,0.73,-1,-1,-1
225,2,249.84,385.05,63.30,13.89,0.84,-1,-1,-1
225,117,374.66,21.27,38.40,9.67,0.72,-1,-1,-1
226,2,249.81,384.96,63.45,13.98,0.84,-1,-1,-1
226,117,374.77,21.03,39.06,9.90,0.70,-1,-1,-1
227,2,249.86,384.93,63.36,14.02,0.84,-1,-1,-1
227,117,374.88,20.95,39.18,9.99,0.70,-1,-1,-1
228,2,249.95,384.93,63.19,14.03,0.85,-1,-1,-1
228,117,374.99,20.92,39.09,10.02,0.72,-1,-1,-1
229,2,251.31,384.93,60.47,13.37,0.85,-1,-1,-1
229,117,375.09,20.92,38.93,10.03,0.72,-1,-1,-1
230,2,251.77,384.94,59.53,13.12,0.85,-1,-1,-1
230,117,375.17,20.92,38.76,10.03,0.71,-1,-1,-1
231,2,251.88,384.95,59.30,13.02,0.85,-1,-1,-1
231,117,376.33,20.93,36.44,9.37,0.72,-1,-1,-1
232,2,250.85,384.29,62.03,13.66,0.85,-1,-1,-1
232,117,375.60,20.27,37.89,9.79,0.71,-1,-1,-1
233,2,250.89,384.05,62.84,13.89,0.85,-1,-1,-1
233,117,375.39,20.03,38.30,9.94,0.71,-1,-1,-1
234,2,252.23,383.96,60.50,13.33,0.85,-1,-1,-1
234,117,375.26,19.95,38.55,9.99,0.71,-1,-1,-1
235,2,252.70,383.94,59.68,13.10,0.85,-1,-1,-1
235,117,375.20,19.92,38.67,10.01,0.71,-1,-1,-1
236,2,252.81,383.93,59.48,13.02,0.86,-1,-1,-1
236,117,375.17,19.92,38.73,10.02,0.69,-1,-1,-1
237,2,252.80,383.94,59.50,12.99,0.86,-1,-1,-1
237,117,375.15,19.93,38.76,10.02,0.69,-1,-1,-1
238,2,252.75,383.94,59.60,12.98,0.86,-1,-1,-1
238,117,375.51,19.27,38.69,10.02,0.68,-1,-1,-1
239,2,251.38,383.28,62.33,13.65,0.86,-1,-1,-1
239,117,375.66,19.03,38.63,10.02,0.69,-1,-1,-1
240,2,250.95,383.04,63.18,13.89,0.86,-1,-1,-1
240,117,376.02,18.95,38.66,10.01,0.66,-1,-1,-1
241,2,250.86,382.96,63.35,13.98,0.86,-1,-1,-1
241,117,375.86,18.92,38.60,10.01,0.66,-1,-1,-1
242,2,250.90,382.93,63.27,14.02,0.86,-1,-1,-1
242,117,376.09,18.92,38.63,10.01,0.59,-1,-1,-1
243,2,250.98,382.93,63.10,14.03,0.86,-1,-1,-1
243,117,376.17,18.92,38.67,10.01,0.59,-1,-1,-1
244,2,251.07,382.93,62.92,14.03,0.86,-1,-1,-1
244,117,376.18,18.93,38.70,10.01,0.44,-1,-1,-1
245,2,251.15,382.94,62.74,14.03,0.86,-1,-1,-1
245,117,376.18,18.94,38.72,10.01,0.41,-1,-1,-1
246,2,251.23,382.94,62.58,14.03,0.86,-1,-1,-1
246,117,376.17,18.95,38.75,10.01,0.38,-1,-1,-1
247,2,251.59,382.95,62.52,14.02,0.86,-1,-1,-1
247,117,376.25,18.29,38.58,10.01,0.33,-1,-1,-1
248,2,252.71,383.61,59.87,13.36,0.85,-1,-1,-1
248,117,376.22,18.05,38.62,10.01,0.42,-1,-1,-1
249,2,253.35,383.87,59.08,13.11,0.85,-1,-1,-1
249,117,376.20,17.96,38.66,10.00,0.48,-1,-1,-1
250,2,253.20,383.97,58.90,13.01,0.85,-1,-1,-1
250,117,376.56,17.94,38.59,10.00,0.37,-1,-1,-1
251,2,253.08,384.00,58.96,12.98,0.85,-1,-1,-1
251,117,376.71,17.93,38.54,10.00,0.44,-1,-1,-1
252,2,252.97,384.68,59.11,12.97,0.85,-1,-1,-1
252,117,377.16,17.93,38.39,10.00,0.44,-1,-1,-1
253,2,252.87,384.93,59.27,12.97,0.85,-1,-1,-1
253,117,376.98,17.94,38.35,10.00,0.44,-1,-1,-1
254,2,251.49,385.02,62.04,13.64,0.84,-1,-1,-1
254,117,376.92,17.95,38.32,10.00,0.44,-1,-1,-1
255,2,251.05,385.05,62.91,13.88,0.84,-1,-1,-1
255,117,376.91,17.95,38.29,10.00,0.46,-1,-1,-1
256,2,251.84,385.71,60.68,13.33,0.83,-1,-1,-1
256,117,376.62,17.96,38.16,10.00,0.56,-1,-1,-1
257,2,252.08,385.96,59.94,13.11,0.83,-1,-1,-1
257,117,376.55,17.96,38.05,10.00,0.52,-1,-1,-1
258,2,250.12,386.05,62.43,13.69,0.83,-1,-1,-1
258,117,377.21,17.97,37.95,10.00,0.54,-1,-1,-1
